708,inf
1565,inf
1871,128
4420,79
4423,54
3844,54
4424,51
2332,48
739,47
555,47
119,46
450,43
90,42
4031,40
3563,37
4370,36
1143,36
3749,36
3408,36
3443,35
4183,35
1382,35
3276,35
1896,34
2767,34
2128,33
730,33
2120,33
620,33
1776,32
368,32
3734,32
1743,32
629,32
1908,32
740,31
3993,31
3013,31
4241,31
57,30
4425,30
248,29
2873,29
86,29
3846,29
4010,29
3300,29
820,29
2852,28
278,28
4280,28
1224,28
1979,28
3045,28
2428,28
58,28
2651,28
203,27
3312,27
4426,27
3338,27
678,27
1789,27
2962,27
1542,27
1332,26
71,26
3075,26
4422,26
1956,26
3449,26
3555,26
2610,25
4158,25
524,25
3573,25
313,25
544,24
394,24
819,24
1347,24
1533,24
3713,24
4282,24
125,24
1846,24
1648,24
4266,24
1897,24
3986,24
2975,24
2879,23
4434,23
2733,23
156,23
3400,23
994,23
37,23
2547,23
580,23
